Sample	chromosome	start	end	gene	log2	cn	depth	p_ttest	probes	weight
C064_S60	chr13	48307279	48481890	-	0	2	4784.96	0.634987	21	20.2899
C049_S45	chr13	48307279	48481890	-	0	2	2.73312	0.481176	21	0.446363
C032_S28	chr13	48307279	48481890	-	0	2	6421.28	0.580573	21	18.2144
C030_S26	chr13	48307279	48481890	-	0	2	6227.19	0.559774	21	20.1517
C073_S68	chr13	48307279	48481890	-	0	2	5.90823	0.320321	21	5.90146
C063_S59	chr13	48307279	48481890	-	0	2	1636.27	0.523368	21	19.2595
C057_S53	chr13	48307279	48481890	-	0	2	9546.47	0.712874	21	19.9577
C041_S37	chr13	48307279	48481890	-	0	2	12703.6	0.62833	 	21	18.6615
C056_S52	chr13	48307279	48481890	-	0	2	5349.77	0.690774	21	20.4343
C058_S54	chr13	48307279	48481890	-	0	2	6437.78	0.651267	21	19.3851
C036_S32	chr13	48307279	48481890	-	0	2	7028.17	0.408953	21	18.8238
C043_S39	chr13	48307279	48481890	-	0	2	4615.19	0.784468	21	19.018
C028_S24	chr13	48307279	48481890	-	0	2	4124.05	0.613897	21	19.3008
C055_S51	chr13	48307279	48481890	-	0	2	6698.46	0.582135	21	18.9173
C047_S43	chr13	48307279	48481890	-	0	2	7889.04	0.614396	21	19.638
C035_S31	chr13	48307279	48481890	-	0	2	7137.43	0.554977	21	20.0109
C068_S63	chr13	48307279	48481890	-	0	2	8646.13	0.626854	21	18.8442
C011_S11	chr13	48307279	48481890	-	0	2	4984.35	0.617961	21	20.3414
C048_S44	chr13	48307279	48481890	-	0	2	8308.04	0.644406	21	18.996
C039_S35	chr13	48307279	48481890	-	0	2	6766.47	0.570343	21	19.4301
C053_S49	chr13	48307279	48481890	-	0	2	10991.5	0.460007	21	16.7632
C033_S29	chr13	48307279	48481890	-	0	2	11861.7	0.596735	21	19.7055
C020_S18	chr13	48307279	48481890	-	0	2	14675.1	0.579059	21	19.8276
C034_S30	chr13	48307279	48481890	-	0	2	6308.23	0.561059	21	18.951
C002_S2		chr13	48307279	48481890	-	0	2	6251.34	0.647701	21	20.3497
C001_S1		chr13	48307279	48481890	-	0	2	6863.9	0.593238	21	18.9869
C072_S67	chr13	48307279	48481890	-	0	2	8014.13	0.541647	21	18.8695
C016_S15	chr13	48307279	48481890	-	0	2	6056.91	0.245882	21	0.0021
C031_S27	chr13	48307279	48481890	-	0	2	6746.13	0.5196		21	18.9195
C052_S48	chr13	48307279	48481890	-	0	2	5502.7	0.684037	21	19.1192

